1 0.49090909062500004 0.398907103125 0.509090909375 0.415300546875 0.5672727265625 0.42076502656250003 0.5890909093750001 0.398907103125 0.6254545453125 0.3387978140625 0.629090909375 0.278688525 0.62181818125 0.224043715625 0.5927272734375 0.1748633875 0.5745454546875 0.1584699453125 0.5272727265625 0.14754098437500002 0.50181818125 0.1584699453125 0.4836363640625 0.1748633875 0.46181818124999996 0.21857923437500001 0.45454545468749996 0.25683060156250004 0.45818181874999997 0.3333333328125 0.4654545453125 0.3606557375 0.49090909062500004 0.398907103125
1 0.3745454546875 0.765027321875 0.40727272656249996 0.7978142078125 0.45454545468749996 0.7923497265624999 0.4763636359375 0.770491803125 0.4945454546875 0.73770491875 0.5054545453125 0.6830601093750001 0.5054545453125 0.6557377046874999 0.49818181875 0.6065573765625001 0.4836363640625 0.5628415296875 0.46909090937500003 0.5464480875 0.4654545453125 0.5300546453125 0.4436363640625 0.5191256828124999 0.4036363640625 0.5191256828124999 0.3672727265625 0.5464480875 0.3563636359375 0.5683060109375 0.34181818124999996 0.6120218578125 0.34181818124999996 0.672131146875 0.36 0.73770491875 0.3745454546875 0.765027321875
1 0.2036363640625 0.7540983609375 0.2145454546875 0.770491803125 0.22181818125000002 0.7540983609375 0.26181818125 0.72677595625 0.2872727265625 0.6939890703125 0.29818181875 0.6502732234375 0.29818181875 0.584699453125 0.2763636359375 0.5245901640625 0.2545454546875 0.502732240625 0.24727272656250002 0.497267759375 0.2072727265625 0.497267759375 0.1854545453125 0.5136612015625001 0.1745454546875 0.5136612015625001 0.16 0.5300546453125 0.1454545453125 0.5683060109375 0.14181818125 0.6174863390625001 0.1563636359375 0.6885245906249999 0.1854545453125 0.7431693984375001 0.2036363640625 0.7540983609375
1 0.629090909375 0.601092896875 0.6836363640625 0.6065573765625001 0.69818181875 0.595628415625 0.7236363640625 0.5573770484375 0.73818181875 0.5191256828124999 0.73818181875 0.44808743125 0.730909090625 0.415300546875 0.69818181875 0.35519125625000003 0.669090909375 0.3333333328125 0.6327272734375 0.32786885312499997 0.6145454546875 0.3715847 0.5672727265625 0.42622950781249996 0.5636363640625001 0.4699453546875 0.58181818125 0.54098360625 0.5927272734375 0.5628415296875 0.629090909375 0.601092896875
1 0.77818181875 0 0.749090909375 0.038251365625 0.7345454546875 0.0819672125 0.730909090625 0.1147540984375 0.7345454546875 0.1584699453125 0.74181818125 0.18032786875 0.749090909375 0.18579235 0.7527272734375 0.2131147546875 0.7745454546875 0.2459016390625 0.7854545453124999 0.2459016390625 0.7963636359375 0.25683060156250004 0.8472727265625 0.26229508125 0.8763636359375001 0.2459016390625 0.89818181875 0.2131147546875 0.9199999999999999 0.136612021875 0.9199999999999999 0.0655737703125 0.89818181875 0.0109289625 0.8872727265625 0 0.77818181875 0
1 0.2363636359375 0.8797814203125001 0.26181818125 0.90163934375 0.29454545468750004 0.9071038250000001 0.29818181875 0.9125683062500001 0.3236363640625 0.9125683062500001 0.3527272734375 0.868852459375 0.3636363640625 0.8415300546875001 0.3672727265625 0.781420765625 0.36 0.7540983609375 0.3454545453125 0.7158469953125 0.309090909375 0.677595628125 0.29454545468750004 0.677595628125 0.2872727265625 0.6994535515625 0.25818181875 0.73770491875 0.24 0.7431693984375001 0.2254545453125 0.7595628421875 0.22181818125000002 0.7759562843750001 0.2036363640625 0.8032786890624999 0.2036363640625 0.8251366125 0.2363636359375 0.8797814203125001
2 0.46909090937500003 0 0.45454545468749996 0.027322404687500003 0.450909090625 0.038251365625 0.450909090625 0.09836065625 0.45818181874999997 0.125683059375 0.46909090937500003 0.131147540625 0.4727272734375 0.18032786875 0.48 0.16393442656249999 0.4763636359375 0.14754098437500002 0.4836363640625 0.136612021875 0.5054545453125 0.136612021875 0.5127272734375 0.125683059375 0.53818181875 0.10382513593750001 0.5527272734374999 0.0765027328125 0.5527272734374999 0.0601092890625 0.5563636359374999 0.049180328125 0.5527272734374999 0.043715846875 0.5527272734374999 0.0109289625 0.549090909375 0 0.46909090937500003 0
2 0.24727272656250002 0.40983606562499997 0.250909090625 0.42076502656250003 0.2763636359375 0.44808743125 0.3345454546875 0.4808743171875 0.3527272734375 0.4808743171875 0.3745454546875 0.464480875 0.3745454546875 0.45901639375 0.3636363640625 0.45355191250000004 0.3563636359375 0.4426229515625 0.32 0.43715847031250005 0.3127272734375 0.42622950781249996 0.30181818125 0.42076502656250003 0.2363636359375 0.32786885312499997 0.22181818125000002 0.316939890625 0.21818181874999998 0.32786885312499997 0.22909090937499998 0.36612021875 0.22909090937499998 0.38797814218750004 0.24727272656250002 0.40983606562499997
2 0.04 0.5737704921875 0.04 0.5792349734375 0.06181818125000001 0.6065573765625001 0.07272727343749999 0.6120218578125 0.08 0.601092896875 0.0836363640625 0.601092896875 0.0872727265625 0.590163934375 0.0872727265625 0.5464480875 0.0763636359375 0.5191256828124999 0.0436363640625 0.497267759375 0.0363636359375 0.497267759375 0.029090909375 0.54098360625 0.029090909375 0.5628415296875 0.032727273437499996 0.5628415296875 0.04 0.5737704921875
2 0.029090909375 0.34426229531249997 0.0363636359375 0.35519125625000003 0.054545454687499995 0.35519125625000003 0.0654545453125 0.3387978140625 0.0654545453125 0.2841530046875 0.05818181875 0.26229508125 0.050909090625 0.2513661203125 0.0363636359375 0.24043715781250002 0.0254545453125 0.24043715781250002 0.0145454546875 0.2677595625 0.0145454546875 0.3005464484375 0.010909090625 0.3060109296875 0.0254545453125 0.34426229531249997 0.029090909375 0.34426229531249997
2 0.3745454546875 0.9836065578125 0.389090909375 0.99453551875 0.450909090625 0.99453551875 0.45454545468749996 0.9125683062500001 0.46181818124999996 0.8797814203125001 0.46181818124999996 0.8469945359375 0.45818181874999997 0.8360655734375 0.45454545468749996 0.8360655734375 0.4436363640625 0.81420765 0.41818181875000004 0.81420765 0.41454545468750004 0.8087431687500001 0.3963636359375 0.8087431687500001 0.3745454546875 0.8251366125 0.3672727265625 0.8524590156249999 0.3527272734375 0.8797814203125001 0.3563636359375 0.9344262296875 0.3745454546875 0.9836065578125
2 0.52 0.7923497265624999 0.5163636359375 0.7978142078125 0.530909090625 0.8196721312499999 0.530909090625 0.8251366125 0.53818181875 0.8306010921875 0.5527272734374999 0.8306010921875 0.5563636359374999 0.8360655734375 0.57818181875 0.8360655734375 0.6 0.8524590156249999 0.6036363640625 0.8524590156249999 0.610909090625 0.8415300546875001 0.610909090625 0.8196721312499999 0.6 0.7759562843750001 0.5927272734375 0.7540983609375 0.5709090906250001 0.721311475 0.5345454546874999 0.7049180328125 0.5163636359375 0.72677595625 0.5163636359375 0.7322404375 0.509090909375 0.7431693984375001 0.509090909375 0.7759562843750001 0.52 0.7923497265624999