0 0.7432432437500001 0.7647058828125 0.7770270265625 0.789046653125 0.8148648656249999 0.770791075 0.8418918921874999 0.7383367140625 0.8418918921874999 0.67139959375 0.8364864859375001 0.65111561875 0.8135135140624999 0.616632859375 0.7716216218749999 0.5943204875 0.7310810812499999 0.606490871875 0.716216215625 0.6186612578124999 0.7121621625000001 0.6267748484375 0.716216215625 0.7038539546875 0.7229729734375 0.7322515218750001 0.7432432437500001 0.7647058828125
1 0.25945945937500003 0.5375253546875001 0.274324325 0.5679513187499999 0.30675675625 0.5922920890625 0.3513513515625 0.6024340765625 0.39729729687500004 0.5943204875 0.42972972968749995 0.55780933125 0.42972972968749995 0.4705882359375 0.43648648593750006 0.43204868125000007 0.4445945953125 0.4178498984375 0.4513513515625 0.3184584171875 0.40540540468749997 0.28397565937499997 0.35675675625 0.2778904671875 0.32972972968750003 0.28600405625 0.309459459375 0.3144016234375 0.28513513437500004 0.3326572015625 0.252702703125 0.3367139953125 0.2297297296875 0.3549695734375 0.228378378125 0.3793103453125 0.2445945953125 0.41582150156250003 0.2554054046875 0.4645030421875 0.25945945937500003 0.5375253546875001
1 0 0.5902636921875 0.0081081078125 0.6186612578124999 0.0364864859375 0.6653144015625 0.09324324375000001 0.705882353125 0.15135135156249999 0.7099391484375001 0.2013513515625 0.6815415828125 0.23243243281249998 0.6389452328125 0.2554054046875 0.5294117640625 0.2540540546875 0.47464502968750005 0.2378378375 0.40365111562499995 0.202702703125 0.34482758593749996 0.1702702703125 0.3164300203125 0.1418918921875 0.30425963437500003 0.0797297296875 0.30425963437500003 0.0459459453125 0.32251521250000004 0.0081081078125 0.393509128125 0 0.4178498984375 0 0.5902636921875
1 0.10450450468750001 0.2961460453125 0.1581081078125 0.30425963437500003 0.1959459453125 0.32860040625 0.22702702656249998 0.28397565937499997 0.2378378375 0.2535496953125 0.23918918906250003 0.22312373281250003 0.23108108125000001 0.1622718046875 0.22297297343750003 0.14604462499999998 0.190540540625 0.11967545625 0.1459459453125 0.1075050703125 0.075675675 0.10953346875 0.0445945953125 0.1338742390625 0.0270270265625 0.1805273828125 0.021621621875 0.267748478125 0.0324324328125 0.3002028390625 0.04324324375 0.31237322500000003 0.10450450468750001 0.2961460453125
1 0.30270270312499997 0.31034482812499997 0.325675675 0.28397565937499997 0.364864865625 0.2697768765625 0.40675675624999996 0.2778904671875 0.45405405468750004 0.3083164296875 0.4770270265625 0.23123732187499998 0.46891891875 0.1764705875 0.45540540468749996 0.14604462499999998 0.440540540625 0.1359026375 0.41081081093750005 0.091277890625 0.3635135140625 0.0588235296875 0.3391891890625 0.0588235296875 0.2986486484375 0.08113590312499999 0.2554054046875 0.1338742390625 0.240540540625 0.17241379375000002 0.25 0.247464503125 0.2702702703125 0.3002028390625 0.2918918921875 0.31237322500000003 0.30270270312499997 0.31034482812499997
1 0.5216216218749999 0.25557809374999996 0.54324324375 0.267748478125 0.5621621625000001 0.3144016234375 0.6135135140625 0.31237322500000003 0.633783784375 0.3002028390625 0.65675675625 0.2636916828125 0.6729729734375 0.21703853906249998 0.68108108125 0.1217038546875 0.6770270265625 0.091277890625 0.65675675625 0.044624746874999996 0.6283783781250001 0.0141987828125 0.5729729734375 0.002028396875 0.5378378374999999 0.0040567953125 0.514864865625 0.0141987828125 0.47837837812500006 0.052738335937500005 0.46216216250000003 0.0973630828125 0.46081081093750004 0.15212981718750002 0.48648648593750005 0.23123732187499998 0.4986486484375 0.2535496953125 0.5216216218749999 0.25557809374999996
1 0.8486486484375 0.2961460453125 0.902702703125 0.27383367187499996 0.95 0.194726165625 0.9621621625 0.154158215625 0.9621621625 0.12981744374999998 0.952702703125 0.1054766734375 0.9256756749999999 0.0831643 0.8945945953125 0.0791075046875 0.8608108109374999 0.0872210953125 0.8108108109375 0.10953346875 0.7581081078125 0.14604462499999998 0.7297297296874999 0.1805273828125 0.725675675 0.1967545640625 0.7324324328125 0.257606490625 0.7418918921875 0.2718052734375 0.8013513515625 0.29208924999999997 0.8486486484375 0.2961460453125
1 0.6608108109375 0.606490871875 0.69324324375 0.5314401625 0.7202702703125 0.496957403125 0.740540540625 0.486815415625 0.7729729734374999 0.486815415625 0.809459459375 0.5010141984375001 0.8594594593749999 0.5375253546875001 0.8702702703125 0.50507099375 0.866216215625 0.4340770796875 0.8297297296874999 0.356997971875 0.7864864859375 0.3184584171875 0.7391891890625 0.3002028390625 0.68108108125 0.3062880328125 0.64324324375 0.32860040625 0.6270270265625 0.346855984375 0.609459459375 0.3853955375 0.6013513515625 0.4726166328125 0.6040540546875001 0.5354969578125 0.6297297296875 0.5922920890625 0.6486486484375 0.616632859375 0.6608108109375 0.606490871875
0 0.5175675671875 0.9148073015625 0.5513513515625 0.9066937125000001 0.574324325 0.8600405671875 0.5702702703125 0.8377281953125 0.5364864859375 0.8032454359375001 0.48108108125 0.8113590265624999 0.46081081093750004 0.851926978125 0.46081081093750004 0.8782961453125001 0.46891891875 0.8884381343750001 0.4918918921875 0.9066937125000001 0.5175675671875 0.9148073015625
0 0.41081081093750005 0.9208924953125001 0.45 0.8864097359375 0.47162162187499995 0.8093306281249999 0.46351351406249997 0.78701825625 0.45 0.7768762671875 0.402702703125 0.7768762671875 0.3675675671875 0.8032454359375001 0.340540540625 0.8397565921875 0.32972972968750003 0.8742393515625 0.333783784375 0.9046653140625001 0.3459459453125 0.9148073015625 0.37162162187500003 0.9229208921875 0.41081081093750005 0.9208924953125001
0 0.36891891875 0.7931034484375 0.359459459375 0.7829614609375 0.3324324328125 0.7849898578125 0.325675675 0.7647058828125 0.3121621625 0.772819471875 0.2918918921875 0.770791075 0.2675675671875 0.7931034484375 0.27297297343750004 0.7951318453125 0.2702702703125 0.8235294124999999 0.2513513515625 0.825557809375 0.25 0.845841784375 0.25675675625 0.851926978125 0.32432432499999997 0.8600405671875 0.36891891875 0.7931034484375
0 0.440540540625 0.7667342796875001 0.435135134375 0.7403651109375 0.40675675624999996 0.7038539546875 0.385135134375 0.6916835703124999 0.364864865625 0.6937119671875001 0.33648648593749997 0.7099391484375001 0.3135135140625 0.7363083171875 0.3135135140625 0.7464503046875001 0.3270270265625 0.7647058828125 0.3729729734375 0.79107505 0.440540540625 0.7667342796875001