0 0.26891891874999996 0.606490871875 0.228378378125 0.5943204875 0.1864864859375 0.616632859375 0.1635135140625 0.65111561875 0.1581081078125 0.67139959375 0.1581081078125 0.7383367140625 0.185135134375 0.770791075 0.22297297343750003 0.789046653125 0.25675675625 0.7647058828125 0.2770270265625 0.7322515218750001 0.283783784375 0.7038539546875 0.2878378375 0.6267748484375 0.283783784375 0.6186612578124999 0.26891891874999996 0.606490871875
1 0.747297296875 0.3367139953125 0.714864865625 0.3326572015625 0.690540540625 0.3144016234375 0.6702702703125001 0.28600405625 0.64324324375 0.2778904671875 0.5945945953125 0.28397565937499997 0.5486486484374999 0.3184584171875 0.5554054046875 0.4178498984375 0.5635135140624999 0.43204868125000007 0.5702702703125 0.4705882359375 0.5702702703125 0.55780933125 0.6027027031250001 0.5943204875 0.6486486484375 0.6024340765625 0.69324324375 0.5922920890625 0.725675675 0.5679513187499999 0.740540540625 0.5375253546875001 0.7445945953125 0.4645030421875 0.7554054046875 0.41582150156250003 0.7716216218749999 0.3793103453125 0.7702702703125001 0.3549695734375 0.747297296875 0.3367139953125
1 1 0.4178498984375 0.9918918921875 0.393509128125 0.9540540546875 0.32251521250000004 0.9202702703125001 0.30425963437500003 0.8581081078125001 0.30425963437500003 0.8297297296874999 0.3164300203125 0.797297296875 0.34482758593749996 0.7621621625 0.40365111562499995 0.7459459453124999 0.47464502968750005 0.7445945953125 0.5294117640625 0.7675675671875 0.6389452328125 0.7986486484374999 0.6815415828125 0.8486486484375 0.7099391484375001 0.9067567562500001 0.705882353125 0.9635135140625 0.6653144015625 0.9918918921875 0.6186612578124999 1 0.5902636921875 1 0.4178498984375
1 0.9554054046875 0.1338742390625 0.9243243250000001 0.10953346875 0.8540540546875001 0.1075050703125 0.809459459375 0.11967545625 0.7770270265625 0.14604462499999998 0.7689189187500001 0.1622718046875 0.7608108109375 0.22312373281250003 0.7621621625 0.2535496953125 0.7729729734374999 0.28397565937499997 0.8040540546875 0.32860040625 0.8418918921874999 0.30425963437500003 0.8954954953125001 0.2961460453125 0.9567567562500001 0.31237322500000003 0.9675675671875 0.3002028390625 0.978378378125 0.267748478125 0.9729729734375001 0.1805273828125 0.9554054046875 0.1338742390625
1 0.7445945953125 0.1338742390625 0.7013513515625001 0.08113590312499999 0.6608108109375 0.0588235296875 0.6364864859375 0.0588235296875 0.5891891890625 0.091277890625 0.559459459375 0.1359026375 0.5445945953125 0.14604462499999998 0.53108108125 0.1764705875 0.5229729734374999 0.23123732187499998 0.5459459453125 0.3083164296875 0.59324324375 0.2778904671875 0.635135134375 0.2697768765625 0.674324325 0.28397565937499997 0.697297296875 0.31034482812499997 0.7081081078125 0.31237322500000003 0.7297297296874999 0.3002028390625 0.75 0.247464503125 0.759459459375 0.17241379375000002 0.7445945953125 0.1338742390625
1 0.5216216218749999 0.052738335937500005 0.485135134375 0.0141987828125 0.46216216250000003 0.0040567953125 0.4270270265625 0.002028396875 0.37162162187500003 0.0141987828125 0.34324324375000004 0.044624746874999996 0.32297297343750003 0.091277890625 0.31891891875 0.1217038546875 0.3270270265625 0.21703853906249998 0.34324324375000004 0.2636916828125 0.366216215625 0.3002028390625 0.3864864859375 0.31237322500000003 0.43783783749999994 0.3144016234375 0.45675675625 0.267748478125 0.47837837812500006 0.25557809374999996 0.5013513515625 0.2535496953125 0.5135135140625 0.23123732187499998 0.5391891890625 0.15212981718750002 0.5378378374999999 0.0973630828125 0.5216216218749999 0.052738335937500005
1 0.2702702703125 0.1805273828125 0.2418918921875 0.14604462499999998 0.18918918906249999 0.10953346875 0.1391891890625 0.0872210953125 0.1054054046875 0.0791075046875 0.074324325 0.0831643 0.047297296875 0.1054766734375 0.0378378375 0.12981744374999998 0.0378378375 0.154158215625 0.05 0.194726165625 0.097297296875 0.27383367187499996 0.15135135156249999 0.2961460453125 0.19864864843750002 0.29208924999999997 0.2581081078125 0.2718052734375 0.2675675671875 0.257606490625 0.274324325 0.1967545640625 0.2702702703125 0.1805273828125
1 0.390540540625 0.3853955375 0.3729729734375 0.346855984375 0.35675675625 0.32860040625 0.31891891875 0.3062880328125 0.26081081093749997 0.3002028390625 0.21351351406250002 0.3184584171875 0.1702702703125 0.356997971875 0.133783784375 0.4340770796875 0.12972972968750002 0.50507099375 0.14054054062500002 0.5375253546875001 0.190540540625 0.5010141984375001 0.22702702656249998 0.486815415625 0.25945945937500003 0.486815415625 0.2797297296875 0.496957403125 0.30675675625 0.5314401625 0.3391891890625 0.606490871875 0.3513513515625 0.616632859375 0.3702702703125 0.5922920890625 0.3959459453125 0.5354969578125 0.3986486484375 0.4726166328125 0.390540540625 0.3853955375
0 0.5189189187500001 0.8113590265624999 0.46351351406249997 0.8032454359375001 0.42972972968749995 0.8377281953125 0.42567567500000003 0.8600405671875 0.44864864843749996 0.9066937125000001 0.4824324328125 0.9148073015625 0.5081081078125 0.9066937125000001 0.53108108125 0.8884381343750001 0.5391891890625 0.8782961453125001 0.5391891890625 0.851926978125 0.5189189187500001 0.8113590265624999
0 0.6594594593750001 0.8397565921875 0.6324324328125 0.8032454359375001 0.597297296875 0.7768762671875 0.55 0.7768762671875 0.5364864859375 0.78701825625 0.528378378125 0.8093306281249999 0.55 0.8864097359375 0.5891891890625 0.9208924953125001 0.6283783781250001 0.9229208921875 0.6540540546875 0.9148073015625 0.666216215625 0.9046653140625001 0.6702702703125001 0.8742393515625 0.6594594593750001 0.8397565921875
0 0.7297297296874999 0.8235294124999999 0.7270270265625001 0.7951318453125 0.7324324328125 0.7931034484375 0.7081081078125 0.770791075 0.6878378374999999 0.772819471875 0.674324325 0.7647058828125 0.6675675671875 0.7849898578125 0.640540540625 0.7829614609375 0.63108108125 0.7931034484375 0.675675675 0.8600405671875 0.7432432437500001 0.851926978125 0.75 0.845841784375 0.7486486484375 0.825557809375 0.7297297296874999 0.8235294124999999
0 0.6635135140624999 0.7099391484375001 0.635135134375 0.6937119671875001 0.614864865625 0.6916835703124999 0.59324324375 0.7038539546875 0.5648648656249999 0.7403651109375 0.559459459375 0.7667342796875001 0.6270270265625 0.79107505 0.6729729734375 0.7647058828125 0.6864864859375001 0.7464503046875001 0.6864864859375001 0.7363083171875 0.6635135140624999 0.7099391484375001