1 0.31484375 0.5796875 0.340625 0.578125 0.36484375 0.55625 0.37421875 0.5390625 0.3828125 0.5109375 0.3890625 0.471875 0.3859375 0.43125 0.37421875 0.3921875 0.353125 0.3515625 0.32890625 0.328125 0.30703125 0.328125 0.2875 0.3453125 0.26484375 0.3796875 0.25390625 0.415625 0.2515625 0.4625 0.26484375 0.525 0.28125 0.5546875 0.31484375 0.5796875
1 0.165625 0.60625 0.18515625 0.6234375 0.21328125 0.6234375 0.23671875 0.5765625 0.25625 0.5546875 0.26015625 0.5359375 0.259375 0.509375 0.25 0.4609375 0.234375 0.434375 0.21328125 0.4203125 0.1875 0.415625 0.165625 0.4234375 0.14609375 0.4546875 0.13359375 0.4859375 0.13203125 0.521875 0.1421875 0.5671875 0.15234375 0.578125 0.165625 0.60625
1 0.09609375 0.48125 0.109375 0.4875 0.13125 0.48125 0.13984375 0.465625 0.1421875 0.453125 0.1546875 0.4359375 0.16640625 0.39375 0.1671875 0.3375 0.16015625 0.2984375 0.1453125 0.2671875 0.11875 0.2484375 0.096875 0.246875 0.08125 0.2609375 0.0671875 0.2859375 0.05703125 0.334375 0.0578125 0.3875 0.06328125 0.4265625 0.07890625 0.4640625 0.09609375 0.48125
1 0.09609375 0.8125 0.1125 0.8078125 0.13125 0.7921875 0.1578125 0.7453125 0.171875 0.70625 0.17578125 0.6796875 0.17578125 0.6515625 0.17109375 0.625 0.14921875 0.5796875 0.1421875 0.578125 0.13046875 0.5640625 0.10078125 0.5625 0.09375 0.565625 0.09140625 0.575 0.07890625 0.578125 0.07109375 0.5921875 0.06484375 0.59375 0.0484375 0.63125 0.040625 0.671875 0.03828125 0.71875 0.05 0.7796875 0.06015625 0.803125 0.09609375 0.8125
1 0.2578125 0.8015625 0.2875 0.796875 0.30625 0.778125 0.32734375 0.7328125 0.33828125 0.678125 0.33359375 0.6296875 0.32578125 0.6 0.30859375 0.575 0.28125 0.559375 0.2546875 0.5625 0.2359375 0.58125 0.21796875 0.615625 0.2046875 0.665625 0.20390625 0.70625 0.21484375 0.746875 0.234375 0.7859375 0.2578125 0.8015625
1 0.328125 0.8546875 0.34296875 0.871875 0.3609375 0.8796875 0.38515625 0.8734375 0.41328125 0.8375 0.43046875 0.7984375 0.440625 0.7390625 0.440625 0.703125 0.43671875 0.68125 0.421875 0.646875 0.4078125 0.628125 0.39609375 0.6234375 0.3703125 0.6265625 0.35234375 0.6421875 0.33984375 0.6625 0.3328125 0.7203125 0.30859375 0.7796875 0.3109375 0.8125 0.328125 0.8546875
1 0.428125 0.6515625 0.44375 0.6546875 0.46875 0.6390625 0.48359375 0.6140625 0.49609375 0.575 0.49765625 0.521875 0.49296875 0.4734375 0.475 0.425 0.45234375 0.3921875 0.43984375 0.3859375 0.42578125 0.3875 0.4078125 0.4015625 0.3953125 0.4375 0.38984375 0.478125 0.38828125 0.53125 0.39140625 0.5703125 0.40625 0.61875 0.428125 0.6515625
0 0.66328125 0.340625 0.6734375 0.35625 0.6890625 0.3671875 0.7046875 0.3703125 0.71953125 0.3640625 0.725 0.3390625 0.72421875 0.30625 0.7171875 0.278125 0.70859375 0.2625 0.68359375 0.25 0.65703125 0.2625 0.653125 0.28125 0.653125 0.30625 0.6578125 0.3296875 0.66328125 0.340625
0 0.84140625 0.3734375 0.85390625 0.3421875 0.8578125 0.321875 0.85703125 0.271875 0.853125 0.253125 0.84921875 0.2484375 0.82421875 0.2515625 0.81328125 0.2640625 0.79921875 0.3078125 0.79765625 0.353125 0.80390625 0.371875 0.82265625 0.38125 0.84140625 0.3734375
0 0.82578125 0.80625 0.83515625 0.7890625 0.85703125 0.7921875 0.86015625 0.78125 0.86484375 0.78125 0.87109375 0.7703125 0.8859375 0.728125 0.8859375 0.696875 0.87421875 0.665625 0.859375 0.6640625 0.828125 0.6953125 0.81875 0.7265625 0.81796875 0.75 0.82578125 0.771875 0.81796875 0.7984375 0.82578125 0.80625
1 0.6265625 0.621875 0.6421875 0.6296875 0.6703125 0.621875 0.684375 0.60625 0.6984375 0.5703125 0.7015625 0.50625 0.690625 0.4453125 0.68515625 0.4390625 0.68125 0.425 0.6578125 0.4046875 0.65546875 0.396875 0.63828125 0.3875 0.603125 0.4109375 0.59140625 0.428125 0.5796875 0.478125 0.5796875 0.5265625 0.58671875 0.5609375 0.60234375 0.5953125 0.6265625 0.621875
1 0.28203125 0.284375 0.2953125 0.290625 0.31796875 0.284375 0.334375 0.2640625 0.34921875 0.2234375 0.3515625 0.190625 0.3421875 0.1375 0.3328125 0.11875 0.31328125 0.096875 0.28046875 0.08125 0.25703125 0.0859375 0.23828125 0.103125 0.23046875 0.13125 0.23125 0.171875 0.24140625 0.2125 0.265625 0.265625 0.28203125 0.284375
0 0.58671875 0.9046875 0.60703125 0.90625 0.6171875 0.8875 0.61953125 0.809375 0.61640625 0.790625 0.609375 0.775 0.6 0.765625 0.57578125 0.765625 0.5640625 0.80625 0.5640625 0.8515625 0.571875 0.884375 0.5796875 0.8984375 0.58671875 0.9046875
1 0.6984375 0.91875 0.7125 0.9109375 0.72421875 0.896875 0.74140625 0.85625 0.7453125 0.8234375 0.7421875 0.759375 0.734375 0.728125 0.7203125 0.7046875 0.69296875 0.696875 0.665625 0.7015625 0.646875 0.7265625 0.6359375 0.759375 0.640625 0.846875 0.6609375 0.890625 0.6828125 0.915625 0.6984375 0.91875