1 0.6203125 0.73515625 0.6546875 0.7125 0.671875 0.69296875 0.671875 0.67109375 0.6484375 0.646875 0.6078125 0.62578125 0.56875 0.6140625 0.528125 0.6109375 0.4890625 0.6171875 0.4609375 0.62578125 0.44375 0.63515625 0.421875 0.659375 0.4203125 0.68515625 0.4453125 0.71875 0.475 0.73515625 0.5375 0.7484375 0.584375 0.74609375 0.6203125 0.73515625
1 0.5453125 0.85390625 0.5765625 0.834375 0.584375 0.8125 0.5796875 0.78671875 0.565625 0.765625 0.5390625 0.75 0.490625 0.740625 0.4640625 0.73984375 0.4453125 0.74375 0.4234375 0.76328125 0.3765625 0.78671875 0.3765625 0.81484375 0.39375 0.834375 0.421875 0.84765625 0.4328125 0.8578125 0.478125 0.86796875 0.5140625 0.86640625 0.5453125 0.85390625
1 0.7140625 0.9328125 0.7390625 0.91875 0.753125 0.903125 0.7515625 0.88125 0.7328125 0.8546875 0.7015625 0.83984375 0.6625 0.8328125 0.60625 0.83359375 0.5640625 0.8453125 0.546875 0.8578125 0.534375 0.86015625 0.51875 0.86875 0.5125 0.890625 0.51875 0.90390625 0.5359375 0.92109375 0.5734375 0.93671875 0.6125 0.9421875 0.665625 0.94296875 0.7140625 0.9328125
1 0.36875 0.9515625 0.40625 0.93515625 0.4078125 0.92890625 0.421875 0.92109375 0.425 0.90859375 0.434375 0.90625 0.4375 0.89921875 0.4359375 0.86953125 0.421875 0.8578125 0.4203125 0.85078125 0.375 0.82890625 0.3484375 0.82421875 0.3203125 0.82421875 0.29375 0.828125 0.2546875 0.8421875 0.2078125 0.86875 0.1921875 0.8875 0.1875 0.90390625 0.196875 0.93984375 0.2203125 0.95 0.28125 0.96171875 0.328125 0.959375 0.36875 0.9515625
1 0.384375 0.78203125 0.41875 0.7640625 0.4375 0.7453125 0.440625 0.71875 0.425 0.69140625 0.4 0.67421875 0.3703125 0.66640625 0.321875 0.66171875 0.2671875 0.67265625 0.221875 0.69375 0.203125 0.7125 0.1984375 0.7421875 0.2140625 0.765625 0.253125 0.78515625 0.29375 0.79609375 0.334375 0.7953125 0.384375 0.78203125
1 0.3578125 0.64765625 0.3734375 0.6296875 0.3765625 0.60390625 0.371875 0.5921875 0.353125 0.578125 0.31875 0.56328125 0.296875 0.559375 0.2609375 0.559375 0.2015625 0.56953125 0.1625 0.58671875 0.1265625 0.61484375 0.1203125 0.6390625 0.128125 0.65703125 0.1453125 0.671875 0.1875 0.6890625 0.2203125 0.69140625 0.2796875 0.6671875 0.3375 0.66015625 0.3578125 0.64765625
1 0.5625 0.6046875 0.5984375 0.5921875 0.6125 0.57421875 0.6140625 0.56015625 0.6078125 0.54765625 0.575 0.525 0.5265625 0.50703125 0.478125 0.50234375 0.425 0.50390625 0.3859375 0.51640625 0.3609375 0.53125 0.3453125 0.55625 0.3484375 0.571875 0.38125 0.59375 0.4296875 0.60859375 0.46875 0.61171875 0.521875 0.61015625 0.5625 0.6046875
0 0.75 0.31640625 0.7375 0.29140625 0.721875 0.2828125 0.69375 0.27578125 0.6609375 0.275 0.6359375 0.28046875 0.6296875 0.2953125 0.6328125 0.3109375 0.64375 0.3265625 0.659375 0.33671875 0.6703125 0.3421875 0.69375 0.346875 0.71875 0.346875 0.7375 0.34296875 0.75 0.31640625
0 0.7359375 0.18671875 0.7484375 0.17578125 0.7515625 0.15078125 0.746875 0.146875 0.728125 0.14296875 0.678125 0.1421875 0.6578125 0.14609375 0.6265625 0.15859375 0.61875 0.17734375 0.628125 0.19609375 0.646875 0.20234375 0.6921875 0.20078125 0.7359375 0.18671875
0 0.3046875 0.171875 0.3359375 0.140625 0.334375 0.12578125 0.303125 0.1140625 0.271875 0.1140625 0.2296875 0.12890625 0.21875 0.13515625 0.21875 0.13984375 0.2078125 0.14296875 0.2109375 0.16484375 0.19375 0.17421875 0.2015625 0.18203125 0.228125 0.17421875 0.25 0.18203125 0.2734375 0.18125 0.3046875 0.171875
1 0.571875 0.40859375 0.5890625 0.396875 0.6125 0.36171875 0.603125 0.34453125 0.5953125 0.3421875 0.575 0.31875 0.5609375 0.31484375 0.5546875 0.309375 0.49375 0.2984375 0.4296875 0.3015625 0.39375 0.315625 0.378125 0.3296875 0.3703125 0.3578125 0.378125 0.3734375 0.4046875 0.39765625 0.4390625 0.41328125 0.4734375 0.4203125 0.521875 0.4203125 0.571875 0.40859375
1 0.896875 0.76171875 0.9140625 0.74296875 0.91875 0.71953125 0.903125 0.68671875 0.88125 0.6671875 0.8625 0.6578125 0.809375 0.6484375 0.7765625 0.65078125 0.7359375 0.665625 0.715625 0.68203125 0.709375 0.7046875 0.715625 0.71796875 0.734375 0.734375 0.7875 0.75859375 0.828125 0.76875 0.86875 0.76953125 0.896875 0.76171875
0 0.234375 0.42421875 0.234375 0.4 0.225 0.390625 0.209375 0.38359375 0.190625 0.38046875 0.1125 0.3828125 0.09375 0.39296875 0.0953125 0.41328125 0.1015625 0.4203125 0.115625 0.428125 0.1484375 0.4359375 0.19375 0.4359375 0.234375 0.42421875
1 0.2734375 0.353125 0.2984375 0.334375 0.303125 0.30703125 0.2953125 0.2796875 0.271875 0.265625 0.240625 0.2578125 0.1765625 0.2546875 0.14375 0.25859375 0.103125 0.27578125 0.0890625 0.2875 0.08125 0.3015625 0.084375 0.3171875 0.109375 0.3390625 0.153125 0.359375 0.240625 0.3640625 0.2734375 0.353125