1 0.5109375 0.6171875 0.471875 0.6109375 0.43125 0.6140625 0.3921875 0.62578125 0.3515625 0.646875 0.328125 0.67109375 0.328125 0.69296875 0.3453125 0.7125 0.3796875 0.73515625 0.415625 0.74609375 0.4625 0.7484375 0.525 0.73515625 0.5546875 0.71875 0.5796875 0.68515625 0.578125 0.659375 0.55625 0.63515625 0.5390625 0.62578125 0.5109375 0.6171875
1 0.5546875 0.74375 0.5359375 0.73984375 0.509375 0.740625 0.4609375 0.75 0.434375 0.765625 0.4203125 0.78671875 0.415625 0.8125 0.4234375 0.834375 0.4546875 0.85390625 0.4859375 0.86640625 0.521875 0.86796875 0.5671875 0.8578125 0.578125 0.84765625 0.60625 0.834375 0.6234375 0.81484375 0.6234375 0.78671875 0.5765625 0.76328125 0.5546875 0.74375
1 0.453125 0.8578125 0.4359375 0.8453125 0.39375 0.83359375 0.3375 0.8328125 0.2984375 0.83984375 0.2671875 0.8546875 0.2484375 0.88125 0.246875 0.903125 0.2609375 0.91875 0.2859375 0.9328125 0.334375 0.94296875 0.3875 0.9421875 0.4265625 0.93671875 0.4640625 0.92109375 0.48125 0.90390625 0.4875 0.890625 0.48125 0.86875 0.465625 0.86015625 0.453125 0.8578125
1 0.70625 0.828125 0.6796875 0.82421875 0.6515625 0.82421875 0.625 0.82890625 0.5796875 0.85078125 0.578125 0.8578125 0.5640625 0.86953125 0.5625 0.89921875 0.565625 0.90625 0.575 0.90859375 0.578125 0.92109375 0.5921875 0.92890625 0.59375 0.93515625 0.63125 0.9515625 0.671875 0.959375 0.71875 0.96171875 0.7796875 0.95 0.803125 0.93984375 0.8125 0.90390625 0.8078125 0.8875 0.7921875 0.86875 0.7453125 0.8421875 0.70625 0.828125
1 0.678125 0.66171875 0.6296875 0.66640625 0.6 0.67421875 0.575 0.69140625 0.559375 0.71875 0.5625 0.7453125 0.58125 0.7640625 0.615625 0.78203125 0.665625 0.7953125 0.70625 0.79609375 0.746875 0.78515625 0.7859375 0.765625 0.8015625 0.7421875 0.796875 0.7125 0.778125 0.69375 0.7328125 0.67265625 0.678125 0.66171875
1 0.8375 0.58671875 0.7984375 0.56953125 0.7390625 0.559375 0.703125 0.559375 0.68125 0.56328125 0.646875 0.578125 0.628125 0.5921875 0.6234375 0.60390625 0.6265625 0.6296875 0.6421875 0.64765625 0.6625 0.66015625 0.7203125 0.6671875 0.7796875 0.69140625 0.8125 0.6890625 0.8546875 0.671875 0.871875 0.65703125 0.8796875 0.6390625 0.8734375 0.61484375 0.8375 0.58671875
1 0.575 0.50390625 0.521875 0.50234375 0.4734375 0.50703125 0.425 0.525 0.3921875 0.54765625 0.3859375 0.56015625 0.3875 0.57421875 0.4015625 0.5921875 0.4375 0.6046875 0.478125 0.61015625 0.53125 0.61171875 0.5703125 0.60859375 0.61875 0.59375 0.6515625 0.571875 0.6546875 0.55625 0.6390625 0.53125 0.6140625 0.51640625 0.575 0.50390625
0 0.3640625 0.28046875 0.3390625 0.275 0.30625 0.27578125 0.278125 0.2828125 0.2625 0.29140625 0.25 0.31640625 0.2625 0.34296875 0.28125 0.346875 0.30625 0.346875 0.3296875 0.3421875 0.340625 0.33671875 0.35625 0.3265625 0.3671875 0.3109375 0.3703125 0.2953125 0.3640625 0.28046875
0 0.253125 0.146875 0.2484375 0.15078125 0.2515625 0.17578125 0.2640625 0.18671875 0.3078125 0.20078125 0.353125 0.20234375 0.371875 0.19609375 0.38125 0.17734375 0.3734375 0.15859375 0.3421875 0.14609375 0.321875 0.1421875 0.271875 0.14296875 0.253125 0.146875
0 0.78125 0.13515625 0.7703125 0.12890625 0.728125 0.1140625 0.696875 0.1140625 0.665625 0.12578125 0.6640625 0.140625 0.6953125 0.171875 0.7265625 0.18125 0.75 0.18203125 0.771875 0.17421875 0.7984375 0.18203125 0.80625 0.17421875 0.7890625 0.16484375 0.7921875 0.14296875 0.78125 0.13984375 0.78125 0.13515625
1 0.5703125 0.3015625 0.50625 0.2984375 0.4453125 0.309375 0.4390625 0.31484375 0.425 0.31875 0.4046875 0.3421875 0.396875 0.34453125 0.3875 0.36171875 0.4109375 0.396875 0.428125 0.40859375 0.478125 0.4203125 0.5265625 0.4203125 0.5609375 0.41328125 0.5953125 0.39765625 0.621875 0.3734375 0.6296875 0.3578125 0.621875 0.3296875 0.60625 0.315625 0.5703125 0.3015625
1 0.2234375 0.65078125 0.190625 0.6484375 0.1375 0.6578125 0.11875 0.6671875 0.096875 0.68671875 0.08125 0.71953125 0.0859375 0.74296875 0.103125 0.76171875 0.13125 0.76953125 0.171875 0.76875 0.2125 0.75859375 0.265625 0.734375 0.284375 0.71796875 0.290625 0.7046875 0.284375 0.68203125 0.2640625 0.665625 0.2234375 0.65078125
0 0.790625 0.38359375 0.775 0.390625 0.765625 0.4 0.765625 0.42421875 0.80625 0.4359375 0.8515625 0.4359375 0.884375 0.428125 0.8984375 0.4203125 0.9046875 0.41328125 0.90625 0.39296875 0.8875 0.3828125 0.809375 0.38046875 0.790625 0.38359375
1 0.8234375 0.2546875 0.759375 0.2578125 0.728125 0.265625 0.7046875 0.2796875 0.696875 0.30703125 0.7015625 0.334375 0.7265625 0.353125 0.759375 0.3640625 0.846875 0.359375 0.890625 0.3390625 0.915625 0.3171875 0.91875 0.3015625 0.9109375 0.2875 0.896875 0.27578125 0.85625 0.25859375 0.8234375 0.2546875