1 0.653104925 0.1828571421875 0.691648821875 0.181428571875 0.758029978125 0.16142857187499998 0.7858672375 0.1428571421875 0.7965738765625 0.1257142859375 0.80085653125 0.09 0.7858672375 0.051428571874999995 0.758029978125 0.024285714062499998 0.7109207703125 0.0057142859375 0.6638115625000001 0.0042857140624999995 0.6188436828125 0.0142857140625 0.5824411140625 0.0357142859375 0.5653104921875001 0.0571428578125 0.5610278375 0.10142857187500001 0.5781584578125 0.1428571421875 0.6038543890625 0.1642857140625 0.653104925 0.1828571421875
0 0.2997858671875 0.5528571421875 0.27408993593750003 0.551428571875 0.241970021875 0.578571428125 0.241970021875 0.6071428578125 0.2612419703125 0.6228571421875 0.3126338328125 0.62 0.346895075 0.5914285718750001 0.3511777296875 0.5728571421875001 0.2997858671875 0.5528571421875
2 0.4068522484375 0.7542857140625 0.4175588859375 0.748571428125 0.3875803 0.7242857140625001 0.37687366093749997 0.7057142859375001 0.36616702343749996 0.7028571421875001 0.3276231265625 0.7142857140625 0.2976445390625 0.7471428578125 0.2976445390625 0.7971428578124999 0.319057815625 0.8257142859375 0.346895075 0.8157142859375 0.3918629546875 0.7857142859375 0.4068522484375 0.7542857140625
2 0.36188436875 0.8828571421875001 0.3511777296875 0.868571428125 0.3147751609375 0.8471428578125 0.2847965734375 0.8428571421875001 0.2462526765625 0.8528571421875 0.22912205624999998 0.868571428125 0.20342612343750002 0.9242857140625 0.22912205624999998 0.9128571421875 0.33190578125000003 0.9014285718749999 0.3576017125 0.89 0.36188436875 0.8828571421875001
2 0.293361884375 0.841428571875 0.2976445390625 0.8371428578125 0.27408993593750003 0.8214285718750001 0.2226980734375 0.8057142859375 0.1927194859375 0.8042857140624999 0.145610278125 0.8142857140625 0.1156316921875 0.8300000000000001 0.08565310468750001 0.8557142859375 0.15845824375 0.8699999999999999 0.2226980734375 0.871428571875 0.2483940046875 0.85 0.293361884375 0.841428571875
2 0.7687366171875001 0.828571428125 0.788008565625 0.78 0.783725909375 0.7157142859375 0.773019271875 0.6971428578125 0.7280513921875 0.698571428125 0.6830835125 0.6842857140625 0.6509635968749999 0.7271428578125 0.625267665625 0.79 0.6231263390625 0.8342857140625 0.655246253125 0.9057142859375 0.7408993578125 0.86 0.7687366171875001 0.828571428125
1 0.5267665953125 0.5971428578125 0.588865096875 0.6028571421875 0.6167023546875 0.6 0.6723768734375 0.5714285718750001 0.7023554609375 0.538571428125 0.7044967875 0.5 0.6895074953125 0.47142857187500004 0.653104925 0.44428571406249995 0.614561028125 0.4328571421875 0.588865096875 0.431428571875 0.5374732328125 0.44000000000000006 0.5032119921875 0.45857142812499996 0.466809421875 0.5028571421875 0.4582441109375 0.531428571875 0.466809421875 0.5628571421874999 0.48822269843750005 0.58 0.5267665953125 0.5971428578125
1 0.6638115625000001 0.3742857140625 0.7323340468749999 0.3757142859375 0.7644539609375001 0.3671428578125 0.7922912203125 0.3471428578125 0.8051391859375 0.3228571421875 0.8051391859375 0.2971428578125 0.7922912203125 0.2742857140625 0.758029978125 0.248571428125 0.706638115625 0.231428571875 0.6766595296875 0.22999999999999998 0.62740899375 0.23857142812499998 0.5931477515625 0.2628571421875 0.573875803125 0.291428571875 0.573875803125 0.3171428578125 0.5910064234375 0.3442857140625 0.625267665625 0.3642857140625 0.6638115625000001 0.3742857140625
1 0.490364025 0.40714285781250004 0.518201284375 0.371428571875 0.518201284375 0.34571428593750003 0.5032119921875 0.311428571875 0.48394004218750003 0.29428571406250004 0.45182012812499994 0.28571428593750003 0.3640256953125 0.281428571875 0.3361884375 0.298571428125 0.3169164875 0.328571428125 0.32119914375 0.3642857140625 0.3404710921875 0.391428571875 0.36830835156249997 0.41285714218749997 0.41327623124999996 0.42571428593749994 0.490364025 0.40714285781250004
1 0.5353319062499999 0.771428571875 0.5931477515625 0.77 0.59743040625 0.761428571875 0.6081370453125 0.761428571875 0.6423982875 0.7228571421875001 0.6573875796875 0.6928571421874999 0.6509635968749999 0.6442857140625 0.6359743046874999 0.6242857140625 0.599571734375 0.6057142859375 0.5610278375 0.601428571875 0.522483940625 0.6 0.4753747328125 0.61 0.426124196875 0.6428571421875 0.41541755937499997 0.6742857140625 0.42184154218750003 0.71 0.44325481875 0.7328571421875 0.492505353125 0.7628571421875 0.5353319062499999 0.771428571875
1 0.7794432546875 0.6942857140625 0.8072805140625 0.6842857140625 0.8436830828125 0.6614285718749999 0.865096359375 0.6228571421875 0.8608137046875 0.5871428578125 0.8436830828125 0.5642857140624999 0.81156316875 0.5457142859374999 0.7644539609375001 0.5357142859375 0.706638115625 0.538571428125 0.6830835125 0.5657142859375 0.6423982875 0.5942857140625 0.640256959375 0.6228571421875 0.6595289078125 0.6657142859375 0.69379015 0.6871428578125001 0.7366167031249999 0.6971428578125 0.7794432546875 0.6942857140625
1 0.850107065625 0.5657142859375 0.9293361890625 0.5528571421875 0.9464668093749999 0.54 0.957173446875 0.5157142859375 0.9528907921875 0.478571428125 0.93361884375 0.451428571875 0.9014989296874999 0.43 0.8586723765625001 0.4157142859375 0.8222698078124999 0.4142857140625 0.783725909375 0.42285714218750003 0.7558886515625 0.4371428578125 0.7344753749999999 0.47000000000000003 0.7344753749999999 0.4871428578125 0.7558886515625 0.5271428578124999 0.8179871515625001 0.5457142859374999 0.850107065625 0.5657142859375
2 0.8950749468750001 0.3428571421875 0.8543897218750001 0.34857142812499997 0.8308351171874999 0.358571428125 0.7965738765625 0.391428571875 0.9079229124999999 0.3771428578125 0.987152034375 0.3571428578125 0.957173446875 0.34571428593750003 0.8950749468750001 0.3428571421875
2 0.8865096359375 0.2542857140625 0.8543897218750001 0.2528571421875 0.8179871515625001 0.2642857140625 0.8072805140625 0.27714285781250003 0.81156316875 0.3157142859375 0.815845825 0.308571428125 0.9122055671875 0.28571428593750003 0.9443254812499999 0.27 0.8865096359375 0.2542857140625