1 0.9757142859375 0.241970021875 0.9485714281250001 0.21413276250000002 0.9099999999999999 0.19914346875 0.8742857140625 0.20342612343750002 0.8571428578125 0.21413276250000002 0.838571428125 0.241970021875 0.8185714281250001 0.308351178125 0.8171428578125 0.346895075 0.8357142859375 0.3961456109375 0.8571428578125 0.42184154218750003 0.8985714281250001 0.4389721625 0.9428571421875 0.4346895078125 0.9642857140625001 0.4175588859375 0.9857142859374999 0.3811563171875 0.9957142859375001 0.3361884375 0.9942857140625 0.2890792296875 0.9757142859375 0.241970021875
0 0.42714285781249994 0.6488222703125001 0.40857142812499997 0.653104925 0.38 0.6873661671875 0.3771428578125 0.7387580296875 0.3928571421875 0.758029978125 0.42142857187500005 0.758029978125 0.448571428125 0.7259100640625 0.44714285781249996 0.7002141328125 0.42714285781249994 0.6488222703125001
2 0.2757142859375 0.6124197 0.251428571875 0.5824411140625 0.24571428593750003 0.5931477515625 0.2142857140625 0.6081370453125 0.1842857140625 0.653104925 0.17428571406249999 0.680942184375 0.2028571421875 0.7023554609375 0.2528571421875 0.7023554609375 0.28571428593750003 0.6723768734375 0.2971428578125 0.6338329765624999 0.29428571406250004 0.6231263390625 0.2757142859375 0.6124197
2 0.131428571875 0.6488222703125001 0.1171428578125 0.63811563125 0.11000000000000001 0.6423982875 0.098571428125 0.6680942187500001 0.0871428578125 0.77087794375 0.0757142859375 0.7965738765625 0.131428571875 0.77087794375 0.1471428578125 0.7537473234375 0.15714285781249998 0.7152034265625 0.1528571421875 0.6852248390625 0.131428571875 0.6488222703125001
2 0.178571428125 0.7259100640625 0.1628571421875 0.7023554609375 0.158571428125 0.706638115625 0.15 0.7516059953124999 0.128571428125 0.7773019265625 0.13 0.84154175625 0.1442857140625 0.9143468953125 0.16999999999999998 0.8843683078125 0.1857142859375 0.8543897218750001 0.1957142859375 0.8072805140625 0.1942857140625 0.7773019265625 0.178571428125 0.7259100640625
2 0.28428571406250003 0.21627409062499997 0.22000000000000003 0.211991434375 0.171428571875 0.2312633828125 0.13999999999999999 0.2591006421875 0.0942857140625 0.344753746875 0.16571428593749998 0.37687366093749997 0.21000000000000002 0.37473233437500003 0.2728571421875 0.349036403125 0.3157142859375 0.3169164875 0.301428571875 0.2719486078125 0.30285714218750004 0.22698072812499998 0.28428571406250003 0.21627409062499997
1 0.5557142859375 0.346895075 0.528571428125 0.3104925046875 0.5 0.2955032125 0.46142857187499997 0.2976445390625 0.428571428125 0.3276231265625 0.4 0.3832976453125 0.39714285781249997 0.41113490312499995 0.4028571421875 0.47323340468749997 0.42000000000000004 0.5117773015625 0.4371428578125 0.5331905781249999 0.468571428125 0.5417558890625 0.4971428578125 0.5331905781249999 0.541428571875 0.4967880078125 0.5599999999999999 0.4625267671875 0.5685714281250001 0.41113490312499995 0.5671428578125 0.385438971875 0.5557142859375 0.346895075
1 0.751428571875 0.241970021875 0.7257142859375 0.20770877968749998 0.7028571421875001 0.1948608140625 0.6771428578124999 0.1948608140625 0.6528571421875 0.20770877968749998 0.6328571421875 0.2355460390625 0.6242857140625 0.26766595312499997 0.6257142859375 0.3361884375 0.6357142859375 0.37473233437500003 0.6557142859375 0.4089935765625 0.6828571421875 0.426124196875 0.708571428125 0.426124196875 0.7371428578125 0.4068522484375 0.761428571875 0.37259100625 0.77 0.3233404703125 0.768571428125 0.293361884375 0.751428571875 0.241970021875
1 0.7057142859375001 0.5160599578125 0.688571428125 0.4967880078125 0.6542857140625 0.481798715625 0.628571428125 0.481798715625 0.5928571421875 0.509635975 0.5742857140625001 0.58672376875 0.5871428578125 0.6316916484374999 0.608571428125 0.6595289078125 0.6357142859375 0.67880085625 0.671428571875 0.6830835125 0.701428571875 0.6638115625000001 0.718571428125 0.6359743046874999 0.7142857140625 0.5481798718750001 0.7057142859375001 0.5160599578125
1 0.3942857140625 0.400428265625 0.3757142859375 0.3640256953125 0.3557142859375 0.349036403125 0.3071428578125 0.3426124203125 0.27714285781250003 0.3576017125 0.23857142812499998 0.3918629546875 0.23857142812499998 0.40256959375 0.22999999999999998 0.4068522484375 0.22857142812500003 0.46466809375 0.23714285781250002 0.507494646875 0.2671428578125 0.5567451812499999 0.29 0.5781584578125 0.3257142859375 0.584582440625 0.3571428578125 0.573875803125 0.39 0.5246252671875 0.4 0.47751605937499997 0.398571428125 0.4389721625 0.3942857140625 0.400428265625
1 0.4542857140625 0.18843683125 0.4357142859375 0.15631691718750002 0.41285714218749997 0.13918629531249999 0.3771428578125 0.134903640625 0.33857142812499996 0.15631691718750002 0.3157142859375 0.1927194859375 0.3057142859375 0.2205567453125 0.30285714218750004 0.263383296875 0.3128571421875 0.30620985 0.3342857140625 0.3404710921875 0.3771428578125 0.359743040625 0.40571428593750003 0.3576017125 0.4342857140625 0.3169164875 0.46142857187499997 0.293361884375 0.46428571406249997 0.2355460390625 0.4542857140625 0.18843683125
1 0.5700000000000001 0.09850107031250001 0.548571428125 0.06638115624999999 0.521428571875 0.0471092078125 0.4842857140625 0.042826553125 0.45999999999999996 0.053533190625000004 0.44714285781249996 0.0706638109375 0.4342857140625 0.149892934375 0.4542857140625 0.1820128484375 0.4728571421875 0.24411134843750001 0.5128571421875 0.26552462499999996 0.53 0.26552462499999996 0.5628571421874999 0.24411134843750001 0.5771428578125 0.21627409062499997 0.5857142859375 0.1777301921875 0.5842857140625 0.1413276234375 0.5700000000000001 0.09850107031250001
2 0.6428571421875 0.012847965624999999 0.6228571421875 0.0920770875 0.608571428125 0.20342612343750002 0.641428571875 0.1691648828125 0.651428571875 0.145610278125 0.6571428578125 0.104925053125 0.6542857140625 0.042826553125 0.6428571421875 0.012847965624999999
2 0.73 0.05567451875 0.7142857140625 0.0877944328125 0.6914285718750001 0.184154175 0.6842857140625 0.18843683125 0.7228571421875001 0.1927194859375 0.7357142859375 0.1820128484375 0.7471428578125 0.145610278125 0.7457142859375 0.11349036406249999 0.73 0.05567451875