1 0.0571428578125 0.4346895078125 0.10142857187500001 0.4389721625 0.1428571421875 0.42184154218750003 0.1642857140625 0.3961456109375 0.1828571421875 0.346895075 0.181428571875 0.308351178125 0.16142857187499998 0.241970021875 0.1428571421875 0.21413276250000002 0.1257142859375 0.20342612343750002 0.09 0.19914346875 0.051428571874999995 0.21413276250000002 0.024285714062499998 0.241970021875 0.0057142859375 0.2890792296875 0.0042857140624999995 0.3361884375 0.0142857140625 0.3811563171875 0.0357142859375 0.4175588859375 0.0571428578125 0.4346895078125
0 0.6228571421875 0.7387580296875 0.62 0.6873661671875 0.5914285718750001 0.653104925 0.5728571421875001 0.6488222703125001 0.5528571421875 0.7002141328125 0.551428571875 0.7259100640625 0.578571428125 0.758029978125 0.6071428578125 0.758029978125 0.6228571421875 0.7387580296875
2 0.7971428578124999 0.7023554609375 0.8257142859375 0.680942184375 0.8157142859375 0.653104925 0.7857142859375 0.6081370453125 0.7542857140625 0.5931477515625 0.748571428125 0.5824411140625 0.7242857140625001 0.6124197 0.7057142859375001 0.6231263390625 0.7028571421875001 0.6338329765624999 0.7142857140625 0.6723768734375 0.7471428578125 0.7023554609375 0.7971428578124999 0.7023554609375
2 0.9242857140625 0.7965738765625 0.9128571421875 0.77087794375 0.9014285718749999 0.6680942187500001 0.89 0.6423982875 0.8828571421875001 0.63811563125 0.868571428125 0.6488222703125001 0.8471428578125 0.6852248390625 0.8428571421875001 0.7152034265625 0.8528571421875 0.7537473234375 0.868571428125 0.77087794375 0.9242857140625 0.7965738765625
2 0.8557142859375 0.9143468953125 0.8699999999999999 0.84154175625 0.871428571875 0.7773019265625 0.85 0.7516059953124999 0.841428571875 0.706638115625 0.8371428578125 0.7023554609375 0.8214285718750001 0.7259100640625 0.8057142859375 0.7773019265625 0.8042857140624999 0.8072805140625 0.8142857140625 0.8543897218750001 0.8300000000000001 0.8843683078125 0.8557142859375 0.9143468953125
2 0.79 0.37473233437500003 0.8342857140625 0.37687366093749997 0.9057142859375 0.344753746875 0.86 0.2591006421875 0.828571428125 0.2312633828125 0.78 0.211991434375 0.7157142859375 0.21627409062499997 0.6971428578125 0.22698072812499998 0.698571428125 0.2719486078125 0.6842857140625 0.3169164875 0.7271428578125 0.349036403125 0.79 0.37473233437500003
1 0.5028571421875 0.5331905781249999 0.531428571875 0.5417558890625 0.5628571421874999 0.5331905781249999 0.58 0.5117773015625 0.5971428578125 0.47323340468749997 0.6028571421875 0.41113490312499995 0.6 0.3832976453125 0.5714285718750001 0.3276231265625 0.538571428125 0.2976445390625 0.5 0.2955032125 0.47142857187500004 0.3104925046875 0.44428571406249995 0.346895075 0.4328571421875 0.385438971875 0.431428571875 0.41113490312499995 0.44000000000000006 0.4625267671875 0.45857142812499996 0.4967880078125 0.5028571421875 0.5331905781249999
1 0.291428571875 0.426124196875 0.3171428578125 0.426124196875 0.3442857140625 0.4089935765625 0.3642857140625 0.37473233437500003 0.3742857140625 0.3361884375 0.3757142859375 0.26766595312499997 0.3671428578125 0.2355460390625 0.3471428578125 0.20770877968749998 0.3228571421875 0.1948608140625 0.2971428578125 0.1948608140625 0.2742857140625 0.20770877968749998 0.248571428125 0.241970021875 0.231428571875 0.293361884375 0.22999999999999998 0.3233404703125 0.23857142812499998 0.37259100625 0.2628571421875 0.4068522484375 0.291428571875 0.426124196875
1 0.3642857140625 0.67880085625 0.391428571875 0.6595289078125 0.41285714218749997 0.6316916484374999 0.42571428593749994 0.58672376875 0.40714285781250004 0.509635975 0.371428571875 0.481798715625 0.34571428593750003 0.481798715625 0.311428571875 0.4967880078125 0.29428571406250004 0.5160599578125 0.28571428593750003 0.5481798718750001 0.281428571875 0.6359743046874999 0.298571428125 0.6638115625000001 0.328571428125 0.6830835125 0.3642857140625 0.67880085625
1 0.6742857140625 0.584582440625 0.71 0.5781584578125 0.7328571421875 0.5567451812499999 0.7628571421875 0.507494646875 0.771428571875 0.46466809375 0.77 0.4068522484375 0.761428571875 0.40256959375 0.761428571875 0.3918629546875 0.7228571421875001 0.3576017125 0.6928571421874999 0.3426124203125 0.6442857140625 0.349036403125 0.6242857140625 0.3640256953125 0.6057142859375 0.400428265625 0.601428571875 0.4389721625 0.6 0.47751605937499997 0.61 0.5246252671875 0.6428571421875 0.573875803125 0.6742857140625 0.584582440625
1 0.6228571421875 0.359743040625 0.6657142859375 0.3404710921875 0.6871428578125001 0.30620985 0.6971428578125 0.263383296875 0.6942857140625 0.2205567453125 0.6842857140625 0.1927194859375 0.6614285718749999 0.15631691718750002 0.6228571421875 0.134903640625 0.5871428578125 0.13918629531249999 0.5642857140624999 0.15631691718750002 0.5457142859374999 0.18843683125 0.5357142859375 0.2355460390625 0.538571428125 0.293361884375 0.5657142859375 0.3169164875 0.5942857140625 0.3576017125 0.6228571421875 0.359743040625
1 0.47000000000000003 0.26552462499999996 0.4871428578125 0.26552462499999996 0.5271428578124999 0.24411134843750001 0.5457142859374999 0.1820128484375 0.5657142859375 0.149892934375 0.5528571421875 0.0706638109375 0.54 0.053533190625000004 0.5157142859375 0.042826553125 0.478571428125 0.0471092078125 0.451428571875 0.06638115624999999 0.43 0.09850107031250001 0.4157142859375 0.1413276234375 0.4142857140625 0.1777301921875 0.42285714218750003 0.21627409062499997 0.4371428578125 0.24411134843750001 0.47000000000000003 0.26552462499999996
2 0.391428571875 0.20342612343750002 0.3771428578125 0.0920770875 0.3571428578125 0.012847965624999999 0.34571428593750003 0.042826553125 0.3428571421875 0.104925053125 0.34857142812499997 0.145610278125 0.358571428125 0.1691648828125 0.391428571875 0.20342612343750002
2 0.3157142859375 0.18843683125 0.308571428125 0.184154175 0.28571428593750003 0.0877944328125 0.27 0.05567451875 0.2542857140625 0.11349036406249999 0.2528571421875 0.145610278125 0.2642857140625 0.1820128484375 0.27714285781250003 0.1927194859375 0.3157142859375 0.18843683125